                                          POR        JAN   FEB   MAR   APR   MAY   JUN   JUL   AUG   SEP   OCT   NOV   DEC   ANN
13876BIRMINGHAM,AL                   193001-201812   0.8   0.2   0.3   0.1   0.0   0.0   0.0   0.0   0.0   0.0   0.0   0.3   1.7
03856HUNTSVILLE,AL                   195809-201812   1.4   1.0   0.4   0.0   0.0   0.0   0.0   0.0   0.0   0.0   0.1   0.7   3.6
13894MOBILE,AL                       194801-201812   0.1   0.1   0.1   0.0   0.0   0.0   0.0   0.0   0.0   0.0   0.0   0.1   0.4
13895MONTGOMERY,AL                   194801-201812   0.2   0.1   0.1   0.0   0.0   0.0   0.0   0.0   0.0   0.0   0.0   0.0   0.4
26451ANCHORAGE,AK                    195302-201812  10.7  12.3   9.9   4.9   0.3   0.0   0.0   0.0   0.3   7.0  11.7  16.1  73.2
25308ANNETTE,AK                      194101-201711  10.5   9.3   8.1   1.8   0.1   0.0   0.0   0.0   0.0   0.1   3.4   9.8  43.1
27502BARROW,AK                       190201-201812   2.6   2.7   2.2   2.8   2.3   0.6   0.5   0.7   3.7   7.7   4.9   3.3  34.0
26615BETHEL,AK                       192309-201811   7.9   7.2   8.4   5.0   1.6   0.1   0.0   0.0   0.3   3.7   8.8  10.1  53.1
26533BETTLES,AK                      195105-201812  12.5  11.6   9.3   6.3   1.1   0.0   0.0   0.0   2.3  12.0  14.8  16.2  86.1
26415BIG DELTA,AK                    191706-199711   5.6   5.2   4.2   2.8   0.6   0.4   0.0   0.0   1.6   9.2   8.4   5.8  43.8
25624COLD BAY,AK                     195003-201812  12.2  11.3  11.6   6.3   1.5   0.0   0.0   0.0   0.0   2.8   7.8  11.9  65.4
26411FAIRBANKS,AK                    192912-201812  11.0   8.7   6.4   3.2   0.6   0.0   0.0     T   1.3   9.8  11.9  11.5  64.4
26425GULKANA,AK                      190903-200107   7.7   7.2   5.1   2.8   0.6   0.0   0.0   0.1   1.1   7.8   8.7  10.0  51.1
25507HOMER,AK                        193209-199711   9.5  11.3   9.2   2.8   0.3   0.0   0.0   0.0   0.0   2.1   7.4  12.1  54.7
25309JUNEAU,AK                       193611-201812  25.3  18.1  13.9   2.5   0.0   0.0   0.0   0.0   0.0   1.0  12.5  21.0  94.3
25503KING SALMON,AK                  194202-201812   8.0   6.9   7.6   4.5   0.8   0.0   0.0   0.0   0.0   3.1   6.4   9.2  46.5
25501KODIAK,AK                       194901-201811  15.0  15.6  14.2   7.1   0.5   0.0   0.0   0.0   0.0   1.7   6.2  13.6  73.9
26616KOTZEBUE,AK                     192905-201812   7.5   7.9   6.0   5.2   1.4   0.1   0.0   0.0   1.0   6.1   8.9   8.9  53.0
26510MCGRATH,AK                      193907-201812  14.2  12.2  11.0   6.1   0.7     T   0.0   0.0   1.0   9.3  16.8  18.2  89.5
26617NOME,AK                         190610-201812  10.7   9.9   8.8   6.8   2.0   0.2   0.0   0.0   0.4   4.8  10.5  11.0  65.1
25713ST. PAUL ISLAND,AK              194901-201810  12.6  10.4   9.9   5.9   1.7   0.1   0.0   0.0   0.0   2.4   7.1  10.1  60.2
26528TALKEETNA,AK                    191808-199712  20.0  20.1  19.5   8.6   0.8   0.0   0.0   0.0   0.6  10.7  18.2  22.4 120.9
26442VALDEZ,AK                       191706-201402  59.2  53.0  42.2  17.6   2.2   0.0   0.0   0.0   0.3   8.8  35.3  60.8 279.4
25339YAKUTAT,AK                      191704-201811  32.4  31.3  31.7  11.9   0.9   0.0   0.0   0.0   0.0   3.8  18.8  31.3 162.1
03103FLAGSTAFF,AZ                    189301-201812  20.3  16.1  17.0   7.0   1.7   0.0   0.0   0.0   0.1   1.6   8.4  15.3  87.5
23183PHOENIX,AZ                      193307-201812   0.0   0.0   0.0   0.0   0.0   0.0   0.0   0.0   0.0   0.0   0.0   0.0   0.0
23160TUCSON,AZ                       194606-201812   0.3   0.2   0.2   0.0   0.0   0.0   0.0   0.0   0.0   0.0   0.1   0.2   1.0
23194WINSLOW,AZ                      189810-201006   2.6   1.8   1.7   0.5   0.0   0.0   0.0   0.0   0.0   0.2   0.9   3.5  11.2
13964FORT SMITH,AR                   194510-201812   2.2   1.5   0.6   0.0   0.0   0.0   0.0   0.0   0.0   0.0   0.3   0.8   5.4
13963LITTLE ROCK,AR                  193804-201812   2.0   1.5   0.5   0.0   0.0   0.0   0.0   0.0   0.0   0.0   0.1   0.6   4.7
23155BAKERSFIELD,CA                  193710-201812   0.0   0.0   0.0   0.0   0.0   0.0   0.0   0.0   0.0   0.0   0.0   0.0   0.0
23157BISHOP,CA                       194309-201812   3.8   1.3   0.5   0.3   0.0   0.0   0.0   0.0   0.0   0.0   0.2   1.2   7.3
23225BLUE CANYON,CA                  194003-199511  46.7  43.5  50.6  27.0   7.8   0.6   0.0   0.0   0.4   2.7  23.6  38.8 241.7
93193FRESNO,CA                       194801-201812   0.0   0.0   0.0   0.0   0.0   0.0   0.0   0.0   0.0   0.0   0.0   0.0   0.0
23129LONG BEACH,CA                   194901-201812   0.0   0.0   0.0   0.0   0.0   0.0   0.0   0.0   0.0   0.0   0.0   0.0   0.0
93134LOS ANGELES,CA                  191306-201812   0.0   0.0   0.0   0.0   0.0   0.0   0.0   0.0   0.0   0.0   0.0   0.0   0.0
24257REDDING,CA                      198609-201812   1.2   0.2   0.1   0.0   0.1   0.0   0.0   0.0   0.0   0.0   0.0   1.6   3.2
23232SACRAMENTO,CA                   194112-201811   0.0   0.0   0.0   0.0   0.0   0.0   0.0   0.0   0.0   0.0   0.0   0.0   0.0
23188SAN DIEGO,CA                    193907-201812   0.0   0.0   0.0   0.0   0.0   0.0   0.0   0.0   0.0   0.0   0.0   0.0   0.0
23272SAN FRANCISCO,CA                192101-201711   0.0   0.0   0.0   0.0   0.0   0.0   0.0   0.0   0.0   0.0   0.0   0.0   0.0
23190SANTA BARBARA,CA                194101-201812   0.0   0.0   0.0   0.0   0.0   0.0   0.0   0.0   0.0   0.0   0.0   0.0   0.0
23273SANTA MARIA,CA                  194801-201810   0.0   0.0   0.0   0.0   0.0   0.0   0.0   0.0   0.0   0.0   0.0   0.0   0.0
23237STOCKTON,CA                     194810-201811   0.0   0.0   0.0   0.0   0.0   0.0   0.0   0.0   0.0   0.0   0.0   0.0   0.0
23061ALAMOSA,CO                      194801-201812   4.5   4.3   5.3   4.1   1.3   0.0   0.0   0.0   0.1   2.6   4.0   5.2  31.4
93037COLORADO SPRINGS,CO             194804-201812   5.1   4.9   8.0   6.0   1.1   0.0   0.0   0.0   0.8   2.8   4.6   5.2  38.5
23062DENVER,CO                       194801-201812   7.4   7.5  11.8   7.9   1.6   0.0   0.0   0.0   1.3   3.9   8.0   7.6  57.0
23066GRAND JUNCTION,CO               190001-201812   5.9   3.8   2.9   0.9   0.1   0.0   0.0   0.0   0.0   0.4   2.3   5.2  21.5
93058PUEBLO,CO                       195407-201812   5.8   4.5   5.8   3.5   0.3   0.0   0.0   0.0   0.5   1.2   3.9   5.0  30.5
94702BRIDGEPORT,CT                   194807-201812   8.4   9.0   5.5   0.7   0.0   0.0   0.0   0.0   0.0   0.1   0.7   5.4  29.8
14740HARTFORD,CT                     194901-201812  13.2  12.9   9.0   1.3   0.0   0.0   0.0   0.0   0.0   0.3   1.8   9.8  48.3
13781WILMINGTON,DE                   194801-201812   6.6   6.8   3.2   0.2   0.0   0.0   0.0   0.0   0.0   0.0   0.7   3.3  20.8
93738WASHINGTON DULLES,DC            196004-201812   7.0   7.2   3.5   0.2   0.0   0.0   0.0   0.0   0.0   0.0   0.8   3.7  22.4
13743WASHINGTON NAT'L,DC             194507-201812   5.3   5.4   2.2   0.0   0.0   0.0   0.0   0.0   0.0   0.0   0.6   2.7  16.2
12834DAYTONA BEACH,FL                194801-201812   0.0   0.0   0.0   0.0   0.0   0.0   0.0   0.0   0.0   0.0   0.0   0.0   0.0
12835FORT MYERS,FL                   191306-201812   0.0   0.0   0.0   0.0   0.0   0.0   0.0   0.0   0.0   0.0   0.0   0.0   0.0
12816GAINESVILLE,FL                  196005-201812   0.0   0.0   0.0   0.0   0.0   0.0   0.0   0.0   0.0   0.0   0.0   0.0   0.0
13889JACKSONVILLE,FL                 193805-201812   0.0   0.0   0.0   0.0   0.0   0.0   0.0   0.0   0.0   0.0   0.0   0.0   0.0
12836KEY WEST,FL                     194801-201812   0.0   0.0   0.0   0.0   0.0   0.0   0.0   0.0   0.0   0.0   0.0   0.0   0.0
12839MIAMI,FL                        194801-201812   0.0   0.0   0.0   0.0   0.0   0.0   0.0   0.0   0.0   0.0   0.0   0.0   0.0
12815ORLANDO,FL                      195206-201812   0.0   0.0   0.0   0.0   0.0   0.0   0.0   0.0   0.0   0.0   0.0   0.0   0.0
13899PENSACOLA,FL                    194807-201812   0.0   0.0   0.0   0.0   0.0   0.0   0.0   0.0   0.0   0.0   0.0   0.0   0.0
93805TALLAHASSEE,FL                  194003-201812   0.0   0.1   0.0   0.0   0.0   0.0   0.0   0.0   0.0   0.0   0.0   0.0   0.1
12842TAMPA,FL                        193902-201812   0.0   0.0   0.0   0.0   0.0   0.0   0.0   0.0   0.0   0.0   0.0   0.0   0.0
12843VERO BEACH,FL                   194407-201812   0.0   0.0   0.0   0.0   0.0   0.0   0.0   0.0   0.0   0.0   0.0   0.0   0.0
12844WEST PALM BEACH,FL              193812-201812   0.0   0.0   0.0   0.0   0.0   0.0   0.0   0.0   0.0   0.0   0.0   0.0   0.0
13873ATHENS,GA                       194512-201810   0.9   0.7   0.5   0.0   0.0   0.0   0.0   0.0   0.0   0.0   0.1   0.2   2.4
13874ATLANTA,GA                      193001-201812   0.9   0.5   0.4   0.0   0.0   0.0   0.0   0.0   0.0   0.0   0.0   0.2   2.0
03820AUGUSTA,GA                      194612-201812   0.3   0.6   0.0   0.0   0.0   0.0   0.0   0.0   0.0   0.0   0.0   0.1   1.0
93842COLUMBUS,GA                     194801-201812   0.1   0.3   0.1   0.0   0.0   0.0   0.0   0.0   0.0   0.0   0.0   0.0   0.5
03813MACON,GA                        194812-201812   0.3   0.5   0.1   0.0   0.0   0.0   0.0   0.0   0.0   0.0   0.0   0.0   0.9
03822SAVANNAH,GA                     194801-201812   0.1   0.1   0.0   0.0   0.0   0.0   0.0   0.0   0.0   0.0   0.0   0.1   0.3
21504HILO,HI                         194910-201812   0.0   0.0   0.0   0.0   0.0   0.0   0.0   0.0   0.0   0.0   0.0   0.0   0.0
22521HONOLULU,HI                     194910-201812   0.0   0.0   0.0   0.0   0.0   0.0   0.0   0.0   0.0   0.0   0.0   0.0   0.0
22516KAHULUI,HI                      191506-201812   0.0   0.0   0.0   0.0   0.0   0.0   0.0   0.0   0.0   0.0   0.0   0.0   0.0
22536LIHUE,HI                        195002-201812   0.0   0.0   0.0   0.0   0.0   0.0   0.0   0.0   0.0   0.0   0.0   0.0   0.0
24131BOISE,ID                        194001-201812   6.3   3.4   1.6   0.5   0.1   0.0   0.0   0.0   0.0   0.1   2.1   5.9  20.0
24149LEWISTON,ID                     194801-201812   5.1   2.5   1.2   0.0   0.0   0.0   0.0   0.0   0.0   0.1   1.6   4.3  14.8
24156POCATELLO,ID                    193901-201812   9.2   6.7   5.4   3.5   0.5   0.0   0.0   0.0   0.0   1.6   4.5   9.0  40.4
94846CHICAGO,IL                      195811-201812  11.2   9.2   6.3   1.4   0.0   0.0   0.0   0.0   0.0   0.3   1.9   8.4  38.7
14923MOLINE,IL                       194306-201812   8.8   7.4   5.5   1.2   0.0   0.0   0.0   0.0   0.0   0.2   2.3   8.2  33.6
14842PEORIA,IL                       194305-201812   6.8   6.0   3.9   0.7     T   0.0   0.0   0.0   0.0   0.0   1.8   6.1  25.3
94822ROCKFORD,IL                     195101-201812   9.1   7.7   5.9   1.0   0.0   0.0   0.0   0.0   0.0   0.1   2.5   9.3  35.6
93822SPRINGFIELD,IL                  190101-201812   5.8   5.7   3.8   0.5   0.0   0.0   0.0   0.0   0.0   0.1   1.3   4.6  21.8
93817EVANSVILLE,IN                   194801-201812   4.1   3.5   2.1   0.2   0.0   0.0   0.0   0.0   0.0   0.1   0.5   2.8  13.3
14827FORT WAYNE,IN                   193910-201812   8.9   7.6   4.8   1.1   0.0   0.0   0.0   0.0   0.0   0.2   2.6   7.2  32.4
93819INDIANAPOLIS,IN                 194801-201812   7.9   6.2   3.6   0.4   0.0   0.0   0.0   0.0   0.0   0.2   1.4   5.8  25.5
14848SOUTH BEND,IN                   189312-201812  17.6  12.9   8.0   1.9   0.2   0.0   0.0   0.0   0.0   0.9   6.5  14.8  62.8
14933DES MOINES,IA                   194507-201812   8.3   8.3   5.7   1.7   0.1   0.0   0.0   0.0   0.0   0.3   2.7   7.2  34.3
94908DUBUQUE,IA                      195102-201812   9.4   8.9   7.9   2.1   0.1   0.0   0.0   0.0   0.0   0.2   3.1  10.6  42.3
14943SIOUX CITY,IA                   194801-201812   7.1   6.8   7.2   1.8   0.0   0.0   0.0   0.0   0.0   0.7   3.3   6.8  33.7
94910WATERLOO,IA                     195004-201812   7.6   7.3   5.3   1.6   0.0   0.0   0.0   0.0   0.0   0.1   2.9   8.4  33.2
13984CONCORDIA,KS                    189301-201812   4.4   5.2   4.0   0.9   0.0   0.0   0.0   0.0   0.0   0.2   1.7   3.9  20.3
13985DODGE CITY,KS                   191105-201812   4.0   4.3   4.6   1.0   0.0   0.0   0.0   0.0   0.0   0.3   1.9   3.4  19.5
23065GOODLAND,KS                     189509-201812   4.7   5.4   7.8   3.7   0.5   0.1   0.0   0.0   0.2   1.7   3.9   5.3  33.3
13996TOPEKA,KS                       194608-201812   5.3   4.9   3.0   0.4   0.0   0.0   0.0   0.0   0.0   0.1   1.1   4.6  19.4
03928WICHITA,KS                      195312-201812   3.8   4.1   2.4   0.3   0.0   0.0   0.0   0.0   0.0   0.0   1.1   3.3  15.0
03889JACKSON,KY                      198101-201812   7.4   6.9   3.5   0.8   0.0   0.0   0.0   0.0   0.0   0.1   0.6   4.1  23.4
93820LEXINGTON,KY                    188711-201812   5.6   4.7   2.9   0.3   0.1   0.0   0.0   0.0   0.0   0.0   0.9   3.1  17.6
93821LOUISVILLE,KY                   194801-201812   5.1   4.4   2.9   0.1   0.0   0.0   0.0   0.0   0.0   0.1   0.8   2.3  15.7
03816PADUCAH,KY                      194908-201812   3.3   3.0   1.6   0.1   0.0   0.0   0.0   0.0   0.0   0.0   0.2   1.6   9.8
13970BATON ROUGE,LA                  193001-201812   0.1   0.1   0.0   0.0   0.0   0.0   0.0   0.0   0.0   0.0   0.0   0.0   0.2
03937LAKE CHARLES,LA                 196111-201810   0.1   0.1   0.0   0.0   0.0   0.0   0.0   0.0   0.0   0.0   0.0   0.0   0.2
12916NEW ORLEANS,LA                  194801-201812   0.0   0.0   0.0   0.0   0.0   0.0   0.0   0.0   0.0   0.0   0.0   0.1   0.1
13957SHREVEPORT,LA                   193907-201812   0.8   0.4   0.1   0.0   0.0   0.0   0.0   0.0   0.0   0.0   0.0   0.2   1.5
14607CARIBOU,ME                      193906-201812  24.1  22.6  20.2   8.1   0.7   0.0   0.0   0.0   0.0   1.8  11.6  24.3 113.4
14764PORTLAND,ME                     194012-201812  19.2  17.6  13.0   2.8   0.1   0.0   0.0   0.0   0.0   0.2   2.9  14.5  70.3
93721BALTIMORE,MD                    193907-201812   5.9   6.8   3.4   0.0   0.0   0.0   0.0   0.0   0.0   0.0   0.6   3.1  19.8
14753BLUE HILL,MA                    189304-201812  16.4  16.8  12.1   3.1   0.1   0.0   0.0   0.0   0.0   0.4   2.7  11.1  62.7
14739BOSTON,MA                       193601-201812  13.2  12.6   8.0   1.2   0.0   0.0   0.0   0.0   0.0   0.0   1.1   7.9  44.0
94746WORCESTER,MA                    194806-201812  17.1  17.8  13.0   3.0   0.2   0.0   0.0   0.0   0.0   0.6   2.9  12.4  67.0
94849ALPENA,MI                       191611-201812  19.1  14.9  12.8   4.8   0.4   0.0   0.0   0.0   0.0   0.5   6.8  16.7  76.0
94847DETROIT,MI                      195812-201812  11.9  10.7   6.7   1.6   0.0   0.0   0.0   0.0   0.0   0.1   2.4   9.8  43.2
14826FLINT,MI                        194805-201812  13.1  11.2   7.4   2.4   0.0   0.0   0.0   0.0   0.0   0.2   3.8  10.8  48.9
94860GRAND RAPIDS,MI                 196312-201812  21.6  14.6   8.9   2.5   0.0   0.0   0.0   0.0   0.0   0.5   7.4  19.5  75.0
94814HOUGHTON LAKE,MI                196407-201812  17.8  13.1  10.3   4.3   0.2   0.0   0.0   0.0   0.0   0.7   8.7  15.9  71.0
14836LANSING,MI                      194801-201812  13.2  11.0   7.5   2.6   0.0   0.0   0.0   0.0   0.0   0.3   4.7  11.7  51.0
14840MUSKEGON,MI                     189610-201812  25.7  15.8   9.4   2.1   0.1   0.0   0.0   0.0   0.0   0.4   6.5  19.7  79.7
14847SAULT STE. MARIE,MI             194801-201812  30.1  19.8  14.2   6.3   0.4   0.0   0.0   0.0   0.1   2.0  15.4  30.4 118.7
14913DULUTH,MN                       194801-201812  17.2  12.7  14.0   7.7   0.6   0.0   0.0   0.0   0.1   1.8  11.9  17.0  83.0
14918INTERNATIONAL FALLS,MN          190709-201812  13.5  10.2   8.8   5.8   0.5   0.0   0.0   0.0   0.1   1.9  11.0  12.9  64.7
14922MINNEAPOLIS-ST.PAUL,MN          193805-201812  10.3   8.4  10.1   3.0   0.1   0.0   0.0   0.0   0.0   0.5   6.8  10.1  49.3
14925ROCHESTER,MN                    189301-201812   9.9   8.0   9.1   2.9   0.2   0.0   0.0   0.0   0.0   0.6   4.7   9.7  45.1
14926SAINT CLOUD,MN                  190412-201812   8.9   7.6   9.1   3.1   0.1   0.0   0.0   0.0   0.0   0.6   6.8   8.3  44.5
03940JACKSON,MS                      195101-201812   0.4   0.3   0.1   0.0   0.0   0.0   0.0   0.0   0.0   0.0   0.0   0.2   1.0
13865MERIDIAN,MS                     194406-201812   0.4   0.1   0.1   0.0   0.0   0.0   0.0   0.0   0.0   0.0   0.0   0.3   0.9
93862TUPELO,MS                       196212-201812   0.9   0.6   0.4   0.0   0.0   0.0   0.0   0.0   0.0   0.0   0.0   0.3   2.2
03945COLUMBIA,MO                     196911-201812   5.9   5.9   2.7   0.5   0.0   0.0   0.0   0.0   0.0   0.0   1.5   4.2  20.7
03947KANSAS CITY,MO                  197210-201812   5.1   5.5   2.2   0.6   0.0   0.0   0.0   0.0   0.0   0.2   1.2   4.2  19.0
13994ST. LOUIS,MO                    193805-201812   5.4   4.4   3.7   0.3   0.0   0.0   0.0   0.0   0.0   0.0   1.2   3.6  18.6
13995SPRINGFIELD,MO                  194008-201812   4.5   4.1   3.1   0.3   0.0   0.0   0.0   0.0   0.0   0.0   1.2   3.2  16.4
24033BILLINGS,MT                     194801-201812  10.4   8.0   9.8   8.2   1.5   0.0   0.0   0.0   1.0   3.9   6.7   9.6  59.1
94008GLASGOW,MT                      194801-201812   8.3   5.1   5.0   2.9   0.8   0.0   0.0   0.0   0.1   1.3   4.1   6.8  34.4
24143GREAT FALLS,MT                  193704-201812   9.6   8.8  10.4   8.0   1.8   0.3   0.0   0.1   1.1   3.4   7.7   9.3  60.5
94012HAVRE,MT                        196102-201812   8.9   6.1   6.4   4.7   0.9   0.0   0.0   0.0   0.2   1.8   4.9   7.8  41.7
24144HELENA,MT                       193905-201812   8.3   6.1   6.5   4.4   1.1   0.1   0.0   0.1   1.1   1.9   6.0   8.1  43.7
24146KALISPELL,MT                    189612-201812  15.3  10.4   6.8   2.0   0.6   0.1   0.0   0.0   0.1   1.3   8.9  15.1  60.6
24153MISSOULA,MT                     194801-201812  11.9   8.0   5.9   1.9   0.6   0.0   0.0   0.0   0.0   0.7   5.6  11.3  45.9
14935GRAND ISLAND,NE                 193804-201812   6.1   6.5   5.5   1.7   0.1   0.0   0.0   0.0   0.1   0.6   2.9   5.8  29.3
14939LINCOLN,NE                      194801-201812   6.3   6.1   4.6   1.1   0.1   0.0   0.0   0.0   0.0   0.5   2.2   5.6  26.5
14941NORFOLK,NE                      194601-201812   6.3   5.9   5.9   2.1   0.0   0.0   0.0   0.0   0.0   0.5   3.4   6.2  30.3
24023NORTH PLATTE,NE                 194801-201812   5.4   5.6   5.9   3.0   0.2   0.0   0.0   0.0   0.1   1.6   3.5   4.7  30.0
14942OMAHA,NE                        194801-201812   6.9   6.8   5.5   0.8   0.1   0.0   0.0   0.0   0.0   0.3   2.4   5.8  28.6
24028SCOTTSBLUFF,NE                  189301-201812   5.2   5.9   7.4   5.0   1.0     T   0.0   0.0   0.3   2.5   4.7   6.4  38.4
24032VALENTINE,NE                    194801-201812   4.5   6.0   7.3   4.3   0.3   0.0   0.0   0.0   0.3   1.2   4.5   5.1  33.5
24121ELKO,NV                         188804-201812  10.4   6.6   5.6   2.4   0.6   0.0   0.0   0.0   0.0   0.7   3.9   8.8  39.0
23154ELY,NV                          189301-201812   9.5   8.2   9.9   6.1   2.3   0.1   0.0   0.0   0.3   2.1   5.3   8.0  51.8
23169LAS VEGAS,NV                    194809-201812   0.6   0.0     T   0.0   0.0   0.0   0.0   0.0   0.0   0.0   0.1   0.1   0.8
23185RENO,NV                         193703-201812   5.4   4.9   3.8   1.0   0.6   0.0   0.0   0.0   0.0   0.3   1.9   4.6  22.5
24128WINNEMUCCA,NV                   187707-201812   6.4   4.4   4.0   1.9   0.4   0.0   0.0   0.0   0.0   0.5   2.3   5.7  25.6
14745CONCORD,NH                      193911-201812  17.9  15.6  11.8   2.4   0.1   0.0   0.0   0.0   0.0   0.4   3.4  13.7  65.3
14755MT. WASHINGTON,NH               194802-201812  43.0  45.1  47.2  34.7  11.8   1.2   0.0   0.1   1.8  15.3  34.3  48.9 283.4
93730ATLANTIC CITY,NJ                195807-201812   6.0   6.3   2.3   0.4   0.0   0.0   0.0   0.0   0.0   0.0   0.3   2.9  18.2
14734NEWARK,NJ                       189301-201812   8.5   9.1   5.1   0.8   0.0   0.0   0.0   0.0   0.0   0.1   1.1   5.5  30.2
23050ALBUQUERQUE,NM                  193103-201812   2.1   1.9   1.5   0.5   0.0   0.0   0.0   0.0   0.0   0.1   1.0   2.5   9.6
23051CLAYTON,NM                      189602-201812   3.2   3.7   4.5   2.1   0.4   0.0   0.0   0.0   0.1   0.5   2.9   4.8  22.2
23009ROSWELL,NM                      194901-201812   2.5   2.1   0.6   0.2   0.0   0.0   0.0   0.0   0.0   0.1   1.2   3.1   9.8
14735ALBANY,NY                       193806-201812  16.3  13.9  11.4   2.4   0.1   0.0   0.0   0.0   0.0   0.2   3.8  13.6  61.7
04725BINGHAMTON,NY                   195106-201812  20.2  18.0  15.1   4.4   0.2   0.0   0.0   0.0   0.0   0.7   7.8  18.1  84.5
14733BUFFALO,NY                      193902-201812  24.6  18.2  12.4   2.9   0.2   0.0   0.0   0.0   0.0   0.5  10.0  23.1  91.9
04781ISLIP,NY                        196309-201812   9.8   9.7   5.4   0.8   0.0   0.0   0.0   0.0   0.0   0.0   0.6   4.1  30.4
94728NEW YORK Central Park,NY        186901-201812   7.9   8.9   4.9   0.8   0.0   0.0   0.0   0.0   0.0   0.0   0.8   5.4  28.7
94789NEW YORK JFK AP,NY              194808-201812   7.6   8.5   3.9   0.5   0.0   0.0   0.0   0.0   0.0   0.0   0.4   4.3  25.2
14732NEW YORK Laguardia AP,NY        194001-201812   7.7   8.6   4.6   0.6   0.0   0.0   0.0   0.0   0.0   0.0   0.4   4.8  26.7
14768ROCHESTER,NY                    192601-201812  22.9  21.6  15.3   3.3   0.2   0.0   0.0   0.0   0.0   0.2   6.7  19.1  89.3
14771SYRACUSE,NY                     193805-201812  30.0  26.9  17.6   3.3   0.1   0.0   0.0   0.0   0.0   0.4   9.3  27.1 114.7
03812ASHEVILLE,NC                    194601-201812   4.1   3.2   2.0   0.4   0.0   0.0   0.0   0.0   0.0   0.0   0.6   2.0  12.3
93729CAPE HATTERAS,NC                195703-201812   0.5   0.5   0.4   0.0   0.0   0.0   0.0   0.0   0.0   0.0   0.0   0.5   1.9
13881CHARLOTTE,NC                    193907-201812   2.0   1.6   0.9     T   0.0   0.0   0.0   0.0   0.0   0.0   0.1   0.5   5.1
13723GREENSBORO-WNSTN-SALM-HGHPT,NC  192811-201812   3.2   2.4   1.5   0.0   0.0   0.0   0.0   0.0   0.0   0.0   0.1   1.3   8.5
13722RALEIGH,NC                      194406-201812   2.5   2.3   1.0   0.0   0.0   0.0   0.0   0.0   0.0   0.0   0.1   0.8   6.7
13748WILMINGTON,NC                   194801-201812   0.5   0.4   0.3   0.0   0.0   0.0   0.0   0.0   0.0   0.0   0.0   0.4   1.6
24011BISMARCK,ND                     194801-201812   8.3   7.2   8.5   4.0   0.7   0.0   0.0   0.0   0.1   1.4   6.7   8.5  45.4
14914FARGO,ND                        194202-201812   9.2   6.5   7.8   3.4   0.1   0.0   0.0   0.0   0.0   0.7   5.9   8.6  42.2
14916GRAND FORKS,ND                  194104-201812   9.3   6.0   7.4   2.7   0.2   0.0   0.0   0.0   0.0   1.0   5.9   8.7  41.2
94014WILLISTON,ND                    189401-201311   7.0   5.0   6.5   3.4   0.5   0.0   0.0   0.0   0.2   1.6   4.8   6.6  35.6
14895AKRON,OH                        194807-201812  12.2  10.5   8.5   2.3   0.1   0.0   0.0   0.0   0.0   0.4   4.0   9.7  47.7
93814CINCINNATI,OH                   194801-201812   7.3   6.0   4.1   0.5   0.0   0.0   0.0   0.0   0.0   0.2   1.6   4.1  23.8
14820CLEVELAND,OH                    193805-201812  14.7  13.1  10.5   2.5   0.0   0.0   0.0   0.0   0.0   0.4   4.9  11.9  58.0
14821COLUMBUS,OH                     194801-201812   8.9   6.7   4.4   0.8   0.0   0.0   0.0   0.0   0.0   0.1   1.9   5.5  28.3
93815DAYTON,OH                       194801-201812   8.3   6.3   5.0   0.6   0.0   0.0   0.0   0.0   0.0   0.2   1.7   5.3  27.4
14891MANSFIELD,OH                    194808-201812  12.2  10.9   7.4   1.9   0.0   0.0   0.0   0.0   0.0   0.3   2.5   9.0  44.2
94830TOLEDO,OH                       195501-201812  10.6   9.2   5.8   1.5   0.0   0.0   0.0   0.0   0.0   0.1   2.5   7.9  37.6
14852YOUNGSTOWN,OH                   193408-201812  14.6  12.1  10.0   2.5   0.1   0.0   0.0   0.0   0.0   0.5   4.9  12.7  57.4
13967OKLAHOMA CITY,OK                194801-201812   2.6   2.3   1.2   0.0   0.0   0.0   0.0   0.0   0.0     T   0.6   1.9   8.6
13968TULSA,OK                        193812-201812   2.8   2.4   1.7   0.0   0.0   0.0   0.0   0.0   0.0   0.0   0.6   1.7   9.2
94224ASTORIA,OR                      195302-201309   2.0   0.4   0.5   0.0   0.0   0.0   0.0   0.0   0.0   0.0   0.2   1.1   4.2
94185BURNS,OR                        198005-199511   7.0   6.7   3.8   0.7   0.2   0.0   0.0   0.0   0.0   0.7   6.0  10.2  35.3
24221EUGENE,OR                       193806-201812   3.2   0.9   0.4   0.0   0.0   0.0   0.0   0.0   0.0   0.0   0.2   1.1   5.8
24225MEDFORD,OR                      192801-201812   2.8   1.2   0.6   0.2     T   0.0   0.0   0.0   0.0   0.0   0.4   1.3   6.5
24155PENDLETON,OR                    192801-201812   6.2   3.4   0.8   0.1   0.0   0.0   0.0   0.0   0.0   0.1   1.5   4.4  16.5
24229PORTLAND,OR                     193902-201812   3.0   1.3   0.4   0.0   0.0   0.0   0.0   0.0   0.0   0.0   0.4   1.3   6.4
24232SALEM,OR                        189301-201807   3.0   1.6   0.4     T   0.0   0.0   0.0   0.0   0.0   0.1   0.2   1.7   7.0
24235SEXTON SUMMIT,OR                194801-200111  21.4  16.4  18.9   9.7   2.3   0.1   0.0   0.0   0.1   1.5   8.8  20.2  99.4
14737ALLENTOWN,PA                    194801-201812   9.4   9.9   6.0   0.7   0.0   0.0   0.0   0.0   0.0   0.1   1.2   5.7  33.0
14860ERIE,PA                         192601-201812  21.6  15.1  11.3   2.6   0.0   0.0   0.0   0.0   0.0   0.4   9.4  20.7  81.1
14711MIDDLETOWN/HARRISBURG,PA        194103-201812   9.2   9.3   6.5   0.4   0.0   0.0   0.0   0.0   0.0   0.1   1.1   5.6  32.2
13739PHILADELPHIA,PA                 194801-201812   7.1   7.4   3.7   0.3   0.0   0.0   0.0   0.0   0.0   0.0   0.5   3.6  22.6
94823PITTSBURGH,PA                   194801-201812  12.1  10.1   8.0   1.5   0.1   0.0   0.0   0.0   0.0   0.3   3.5   8.2  43.8
14777AVOCA,PA                        194901-201812  11.1  10.6   8.9   2.2   0.1   0.0   0.0   0.0   0.0   0.4   3.5   8.3  45.1
14778WILLIAMSPORT,PA                 194805-201812  10.4  10.0   7.8   1.1   0.0   0.0   0.0   0.0   0.0   0.1   2.7   7.8  39.9
14765PROVIDENCE,RI                   194801-201812  10.4  10.2   6.8   0.7   0.1   0.0   0.0   0.0   0.0   0.1   1.0   7.0  36.3
13782CHARLESTON,SC                   189301-201407   0.1   0.1   0.0   0.0   0.0   0.0   0.0   0.0   0.0   0.0   0.0   0.1   0.3
13883COLUMBIA,SC                     194801-201812   0.6   0.7   0.2   0.0   0.0   0.0   0.0   0.0   0.0   0.0   0.0   0.2   1.7
03870GREENVILLE-SPARTANBURG,SC       196211-201812   2.2   1.6   0.8   0.0   0.0   0.0   0.0   0.0   0.0   0.0   0.1   0.6   5.3
14929ABERDEEN,SD                     189301-201812   7.0   7.5   7.7   4.0   0.2   0.0   0.0   0.0   0.0   0.9   5.0   6.3  38.6
14936HURON,SD                        189301-201812   6.9   7.2   7.6   3.1   0.1   0.0   0.0   0.0   0.0   0.8   4.6   6.3  36.6
24090RAPID CITY,SD                   194805-201812   4.8   6.8   9.0   7.6   1.1   0.1   0.0   0.0   0.1   1.8   5.3   5.7  42.3
14944SIOUX FALLS,SD                  193201-201812   7.0   8.4   8.7   3.2   0.1   0.0   0.0   0.0   0.0   0.7   5.1   7.8  41.0
13877BRISTOL-JHNSN CTY-KNGSPRT,TN    193710-201812   4.9   4.2   2.0   0.4   0.0   0.0   0.0   0.0   0.0   0.0   0.8   2.5  14.8
13882CHATTANOOGA,TN                  193804-201812   1.6   1.2   0.6   0.1   0.0   0.0   0.0   0.0   0.0   0.0   0.0   0.4   3.9
13891KNOXVILLE,TN                    191001-201812   3.1   2.7   1.5   0.3   0.0   0.0   0.0   0.0   0.0   0.0   0.4   1.4   9.4
13893MEMPHIS,TN                      194001-201812   1.9   1.2   0.6   0.0   0.0   0.0   0.0   0.0   0.0   0.0   0.1   0.5   4.3
13897NASHVILLE,TN                    194801-201812   3.6   2.6   1.2   0.0   0.0   0.0   0.0   0.0   0.0   0.0   0.4   1.1   8.9
03841OAK RIDGE,TN                    194808-201812   2.9   2.7   1.0   0.1   0.0   0.0   0.0   0.0   0.0   0.0   0.2   1.3   8.2
13962ABILENE,TX                      194801-201812   1.4   1.2   0.4   0.1   0.0   0.0   0.0   0.0   0.0   0.0   0.6   0.8   4.5
23047AMARILLO,TX                     194801-201812   4.1   3.9   2.4   0.5   0.1   0.0   0.0   0.0   0.0   0.2   2.2   3.0  16.4
13958AUSTIN,TX                       193806-201812   0.4   0.3   0.0   0.0   0.0   0.0   0.0   0.0   0.0   0.0   0.0   0.0   0.7
12919BROWNSVILLE,TX                  189812-201812   0.0   0.0   0.0   0.0   0.0   0.0   0.0   0.0   0.0   0.0   0.0   0.0   0.0
12924CORPUS CHRISTI,TX               194801-201812   0.0   0.0   0.0   0.0   0.0   0.0   0.0   0.0   0.0   0.0   0.0   0.1   0.1
13960DALLAS,TX                       193908-201812   0.9   0.7   0.2   0.0   0.0   0.0   0.0   0.0   0.0   0.0   0.1   0.2   2.1
22010DEL RIO,TX                      195105-201812   0.5   0.1   0.1   0.0   0.0   0.0   0.0   0.0   0.0   0.0   0.0   0.0   0.7
23044EL PASO,TX                      193809-201812   1.2   0.7   0.3   0.3   0.0   0.0   0.0   0.0   0.0   0.0   0.9   1.6   5.0
12923GALVESTON,TX                    194608-201812   0.0   0.1   0.0   0.0   0.0   0.0   0.0   0.0   0.0   0.0   0.0   0.0   0.1
12960HOUSTON,TX                      196906-201812   0.1   0.1   0.0   0.0   0.0   0.0   0.0   0.0   0.0   0.0   0.0   0.1   0.3
23042LUBBOCK,TX                      194701-201812   2.2   2.4   1.2   0.1   0.0   0.0   0.0   0.0   0.0   0.1   1.1   2.0   9.1
23023MIDLAND-ODESSA,TX               194802-201812   1.6   0.7   0.3   0.1   0.0   0.0   0.0   0.0   0.0   0.0   0.5   1.1   4.3
12917PORT ARTHUR,TX                  194710-201810   0.2   0.2   0.0   0.0   0.0   0.0   0.0   0.0   0.0   0.0   0.0   0.0   0.4
23034SAN ANGELO,TX                   190803-201812   1.2   0.5   0.1   0.0   0.0   0.0   0.0   0.0   0.0   0.0   0.4   0.2   2.4
12921SAN ANTONIO,TX                  194609-201812   0.4   0.2   0.0   0.0   0.0   0.0   0.0   0.0   0.0   0.0   0.0   0.0   0.6
12912VICTORIA,TX                     195303-201812   0.1   0.1   0.0   0.0   0.0   0.0   0.0   0.0   0.0   0.0   0.0   0.0   0.2
13959WACO,TX                         194101-201812   0.5   0.4   0.1   0.0   0.0   0.0   0.0   0.0   0.0   0.0   0.1   0.1   1.2
13966WICHITA FALLS,TX                189701-201812   1.5   1.3   0.6   0.0   0.0   0.0   0.0   0.0   0.0   0.0   0.3   0.8   4.5
24127SALT LAKE CITY,UT               194801-201812  13.1  10.1   8.9   4.9   0.6   0.0   0.0   0.0   0.1   1.3   6.6  13.0  58.6
14742BURLINGTON,VT                   194306-201812  19.5  17.4  14.1   3.9   0.1   0.0   0.0   0.0     T   0.3   6.4  18.7  80.4
13733LYNCHBURG,VA                    194408-201812   4.8   4.9   3.1   0.2   0.0   0.0   0.0   0.0   0.0   0.0   0.5   2.6  16.1
13737NORFOLK,VA                      194601-201812   3.1   2.7   0.9   0.0   0.0   0.0   0.0   0.0   0.0   0.0   0.0   1.0   7.7
13740RICHMOND,VA                     193903-201812   5.0   3.9   2.1   0.1   0.0   0.0   0.0   0.0   0.0   0.0   0.3   1.9  13.3
13741ROANOKE,VA                      194801-201812   5.8   6.3   3.2   0.3   0.0   0.0   0.0   0.0   0.0   0.0   1.0   3.8  20.4
93739WALLOPS ISLAND,VA               196610-201812   3.5   3.3   1.0   0.2   0.0   0.0   0.0   0.0   0.0   0.0   0.1   1.6   9.7
24227OLYMPIA,WA                      194106-201812   6.4   3.0   1.5   0.1   0.0   0.0   0.0   0.0   0.0   0.0   1.2   3.0  15.2
94240QUILLAYUTE,WA                   196608-201812   4.6   2.9   1.5   0.3   0.0   0.0   0.0   0.0   0.0   0.0   1.0   2.6  12.9
24233SEATTLE,WA                      194801-201812   4.5   1.7   1.2   0.1   0.0   0.0   0.0   0.0   0.0   0.0   0.8   2.4  10.7
24157SPOKANE,WA                      189301-201812  13.0   7.6   3.6   0.6   0.1   0.0   0.0   0.0   0.0   0.2   5.6  11.8  42.5
24160WALLA WALLA,WA                  194901-201812   5.2   2.8   0.9   0.0   0.0   0.0   0.0   0.0   0.0   0.1   1.5   4.4  14.9
24243YAKIMA,WA                       194609-201812   7.7   3.1   1.2   0.0   0.0   0.0   0.0   0.0   0.0   0.1   2.6   7.9  22.6
03872BECKLEY,WV                      196306-201812  17.0  16.3   8.8   2.1   0.0   0.0   0.0   0.0   0.0   0.8   3.3  11.5  59.8
13866CHARLESTON,WV                   194712-201812  10.7   8.7   5.2   0.8   0.0   0.0   0.0   0.0   0.0   0.3   2.0   5.0  32.7
13729ELKINS,WV                       192601-201812  16.7  14.4  10.9   3.3   0.0   0.0   0.0   0.0   0.0   0.5   5.2  12.5  63.5
03860HUNTINGTON,WV                   196102-201812   7.9   6.8   4.0   0.5   0.0   0.0   0.0   0.0   0.0   0.1   1.0   3.4  23.7
14898GREEN BAY,WI                    188609-201812  12.0  10.3   9.0   3.0   0.2   0.0   0.0   0.0   0.0   0.3   4.2  10.5  49.5
14920LA CROSSE,WI                    193812-201812  10.4   8.3   8.3   2.0   0.0   0.0   0.0   0.0   0.0   0.1   3.6   9.8  42.5
14837MADISON,WI                      193910-201812  11.1   8.8   7.7   2.1   0.1   0.0   0.0   0.0   0.0   0.2   3.3  11.0  44.3
14839MILWAUKEE,WI                    193811-201812  13.7  10.6   8.2   1.8   0.1   0.0   0.0   0.0   0.0   0.2   2.9  10.4  47.9
24089CASPER,WY                       194808-201812  10.1  10.3  12.5  11.9   3.7   0.1   0.0   0.0   1.2   6.2   9.7  10.9  76.6
24018CHEYENNE,WY                     191501-201812   6.0   7.4  11.0  10.4   3.3   0.2   0.0   0.0   0.7   4.2   7.1   7.1  57.4
24021LANDER,WY                       194801-201812   8.8  11.7  16.8  18.9   6.3   0.6   0.0   0.0   2.2   9.5  12.5  10.3  97.6
24029SHERIDAN,WY                     194801-200107  11.5  10.6  12.6  10.6   1.7   0.1   0.0   0.0   1.5   4.7   8.5  11.3  73.1
41415GUAM,PC                         195703-201812   0.0   0.0   0.0   0.0   0.0   0.0   0.0   0.0   0.0   0.0   0.0   0.0   0.0
40309KOROR,PC                        195107-201807   0.0   0.0   0.0   0.0   0.0   0.0   0.0   0.0   0.0   0.0   0.0   0.0   0.0
40604KWAJALEIN- MARSHALL IS.,PC      195205-201302   0.0   0.0   0.0   0.0   0.0   0.0   0.0   0.0   0.0   0.0   0.0   0.0   0.0
40710MAJURO- MARSHALL IS,PC          195502-201812   0.0   0.0   0.0   0.0   0.0   0.0   0.0   0.0   0.0   0.0   0.0   0.0   0.0
61705PAGO PAGO- AMER SAMOA,PC        196604-201109   0.0   0.0   0.0   0.0   0.0   0.0   0.0   0.0   0.0   0.0   0.0   0.0   0.0
40504POHNPEI- CAROLINE IS.,PC        195107-201812   0.0   0.0   0.0   0.0   0.0   0.0   0.0   0.0   0.0   0.0   0.0   0.0   0.0
40505CHUUK- E. CAROLINE IS.,PC       195107-201812   0.0   0.0   0.0   0.0   0.0   0.0   0.0   0.0   0.0   0.0   0.0   0.0   0.0
40308YAP- W CAROLINE IS.,PC          195107-201812   0.0   0.0   0.0   0.0   0.0   0.0   0.0   0.0   0.0   0.0   0.0   0.0   0.0
11641SAN JUAN,PR                     195601-201812   0.0   0.0   0.0   0.0   0.0   0.0   0.0   0.0   0.0   0.0   0.0   0.0   0.0
